MNIST: 0.502032


lung_small: 0.731435


warpPIE10P: 0.239833


Yale: 0.497304


digits: 0.743792029301199